logFC	logCPM	PValue	FDR
PdomMRNA00374.1	3.63127632536204	7.40292554987026	1.88115306274756e-30	1.59597025843503e-26
PdomMRNA08894.1	5.89770964645412	7.02494094939222	5.51396535409178e-22	2.33902410320573e-18
PdomMRNA05217.1	5.40293114900814	6.55613438616578	6.93346492985699e-19	1.96078388216356e-15
PdomMRNA03651.1	7.58898410519767	5.7052827694704	4.63301557843232e-17	9.82662604185496e-14
PdomMRNA08564.1	5.01089426883519	5.22748361459119	4.20613868920324e-11	7.13697612784006e-08
PdomMRNA07428.1	1.81403295302966	7.14617787032827	5.42853728229264e-11	7.67595171716179e-08
PdomMRNA09202.1	2.40252837592159	7.51879725542511	7.59302940153562e-11	9.20275163466117e-08
PdomMRNA05769.1	2.64512550377244	7.20634830147795	2.73762180794215e-10	2.90324792732265e-07
PdomMRNA09020.1	-6.75933723718789	4.76518096674492	4.94449209213192e-10	4.66100787884969e-07
PdomMRNA02024.1	4.12381454050491	5.91063008379075	7.5609539675187e-10	6.41471334604286e-07
PdomMRNA01003.1	-1.99105916292333	13.4236143291158	9.5356445102691e-10	7.35458254773846e-07
PdomMRNA09638.1	2.25411919105487	7.34042871050565	3.00873550190488e-09	2.12717599984675e-06
PdomMRNA00032.1	2.23298019754091	4.50274960342972	5.30007791953356e-09	3.4589123899479e-06
PdomMRNA10031.1	2.43285853301216	8.66184666553277	8.03953626926758e-09	4.87195897917616e-06
PdomMRNA01971.1	1.87892349179453	4.71985370737841	1.62352174293466e-08	9.18263897803845e-06
PdomMRNA06498.1	1.33952023459312	9.27333491236945	1.73603269729582e-08	9.20531337741111e-06
PdomMRNA10705.1	-1.54687322280424	7.06517045311974	2.63803754896568e-08	1.31653591561322e-05
PdomMRNA10701.1	1.66737106031711	7.93348750074901	3.57843193026305e-08	1.68663424979732e-05
PdomMRNA02464.1	-4.71992850816582	2.73623301760337	3.82951945650324e-08	1.7099812141565e-05
PdomMRNA01035.1	1.46437446500735	6.20196263912914	4.65992615878082e-08	1.97674067655483e-05
PdomMRNA05094.1	1.387370195832	6.27427559366503	5.65568979278628e-08	2.28489867628566e-05
PdomMRNA03727.1	4.58516116486541	1.00735093031649	8.63483687317294e-08	3.3299070923636e-05
PdomMRNA05092.1	1.13730841590288	5.89051081223679	2.8278776336881e-07	0.000104311799322651
PdomMRNA00574.1	2.2128662811473	8.56246630749864	3.5919049073624e-07	0.000125751326391415
PdomMRNA03330.1	3.02164845931437	4.11424900395818	3.70554356410347e-07	0.000125751326391415
PdomMRNA02434.1	1.31764043060989	5.77906594089494	3.22426108929095e-06	0.00105210119544402
PdomMRNA07330.1	2.55109138678214	4.07183495714528	3.82023752799846e-06	0.00120040352546441
PdomMRNA09906.1	1.17206659557498	6.44613811848521	5.4407094419794e-06	0.00164853496091976
PdomMRNA07312.1	1.9547846433108	3.68191123404392	6.45907810227936e-06	0.00188961443516338
PdomMRNA03092.1	1.37661845891094	6.67455949698522	6.74106994903438e-06	0.00190637458158692
PdomMRNA03148.1	-1.33715447205996	6.55469783419484	8.19715121861357e-06	0.00221069530934237
PdomMRNA08136.1	3.18302069731136	2.38918983352597	8.33831328370531e-06	0.00221069530934237
PdomMRNA09279.1	2.15364950432841	3.77360504084753	1.02067478222275e-05	0.00262406207647812
PdomMRNA00965.1	-0.939688410177307	6.41092145048105	1.21708005171858e-05	0.00303697269375895
PdomMRNA02023.1	2.13176768613847	6.80997010052019	1.29572899952784e-05	0.00314084709485548
PdomMRNA00238.1	1.04704037597025	5.4185433450548	1.43723659101745e-05	0.00338708756616446
PdomMRNA10180.1	1.37165708965257	4.30583720344951	1.99686915554264e-05	0.00457876700422265
PdomMRNA08174.1	-0.810488736058316	7.57605193119819	2.11171871743224e-05	0.00471468989439345
PdomMRNA01375.1	1.99199467682695	5.84074450940288	2.41923816098204e-05	0.00522525342406978
PdomMRNA00174.1	-1.57322477816759	4.93179368247278	2.46358011507297e-05	0.00522525342406978
PdomMRNA09318.1	-0.755603387269831	5.95671417443024	2.97588792878194e-05	0.00615791053360634
PdomMRNA01127.1	2.12683781447476	4.83318164064215	3.39662798183794e-05	0.00686118852331263
PdomMRNA09893.1	0.987975332067915	5.15422567156508	4.04845823680177e-05	0.00798770225140145
PdomMRNA00644.1	1.66349098514084	3.75727382730706	4.21479342547889e-05	0.00812688805040067
PdomMRNA00200.1	2.33625244696051	6.36124716611891	4.7016759590783e-05	0.00886422640818229
PdomMRNA01911.1	-0.799815303073157	8.31646246074002	5.30833396289118e-05	0.00973789858112121
PdomMRNA00196.1	1.45050390224513	4.79637246773499	5.39463971372816e-05	0.00973789858112121
PdomMRNA00193.1	0.827320424297512	7.10939720719214	5.58943964298524e-05	0.00987933456897642
PdomMRNA05334.1	-0.866425258501318	6.88470087214646	6.17314925367884e-05	0.01042600471481
PdomMRNA06105.1	-2.4687648067998	0.816752221619057	6.20467238917297e-05	0.01042600471481
PdomMRNA01618.1	1.52759122728084	9.32451420256914	6.26740028825211e-05	0.01042600471481
PdomMRNA03733.1	-1.60620028837092	3.22452487320961	6.39859332213916e-05	0.0104395511048132
PdomMRNA00002.1	1.7779200418428	3.1368061126904	7.3817809964696e-05	0.0118164207498204
PdomMRNA03369.1	0.748400917196509	8.29442540706085	7.74134399737379e-05	0.0121625115692073
PdomMRNA01796.1	4.29731721641442	0.878905571268267	0.000105336481914479	0.0162486311374989
PdomMRNA08325.1	-0.623797326854649	11.1620167969759	0.000108590515008705	0.0164514630238188
PdomMRNA05833.1	-1.0730473669392	5.53570841519806	0.000112631873757567	0.0167643652098104
PdomMRNA08038.1	0.703150337818454	6.49436791284031	0.000127831242208995	0.0186986251534674
PdomMRNA06348.1	1.57214271054368	6.25903993091601	0.000132678275930365	0.0189649097442545
PdomMRNA02979.1	-0.790853253498399	7.16189614591366	0.000134122416861772	0.0189649097442545
PdomMRNA09382.1	0.66717030858466	7.56443624723181	0.000145297345533671	0.0202082406476667
PdomMRNA05050.1	-0.799535105547037	6.47285108365092	0.000155092603407619	0.0212226717308103
PdomMRNA04292.1	-0.7666017222052	5.31220046590471	0.000164858206513684	0.0221936284713842
PdomMRNA09469.1	1.23640943464897	6.17412835585236	0.000167420111052403	0.0221936284713842
PdomMRNA00958.1	0.838418472986915	7.29172413877036	0.000170895583224288	0.0223058173549978
PdomMRNA00797.1	2.02618657010825	1.85374362872847	0.000195293189715266	0.0251040518415805
PdomMRNA05096.2	-2.0535064424524	1.54619780509917	0.000204422357765814	0.025885362437092
PdomMRNA10443.1	-3.4418104072589	1.76172886179477	0.000216952626988978	0.0270680306966836
PdomMRNA07709.1	0.955827601344734	5.8692232713637	0.000221611216098232	0.0272485443098174
PdomMRNA03301.1	0.947008218601538	8.08877174507944	0.000231488231285137	0.0279388638624067
PdomMRNA04426.1	0.653716321529758	6.95802006970398	0.000233811802714624	0.0279388638624067
PdomMRNA07228.1	-3.70390600277883	1.65255837176939	0.000249151209814158	0.029358317556435
PdomMRNA07711.1	-0.947546199364936	4.51859586860756	0.000263277496415631	0.0303742815878185
PdomMRNA02532.1	-1.07647556028552	4.09271344091554	0.000264933620638681	0.0303742815878185
PdomMRNA10612.1	1.425408346772	4.4104906189455	0.000288797159976611	0.0326687347365542
PdomMRNA03709.1	-0.976431563399452	4.33311646622071	0.000310291037066066	0.0346382784009014
PdomMRNA01920.1	-2.25708504063083	1.90475034848958	0.000320925722631187	0.035360179620818
PdomMRNA05714.1	1.36878810082686	6.14854901035625	0.000327489126239785	0.0356207403463889
PdomMRNA08391.1	0.774797290167909	9.88419216386767	0.000355202663842204	0.038146068354902
PdomMRNA09606.1	1.83510145825806	2.53294442882871	0.000368729464504235	0.0391037597106741
PdomMRNA06714.1	-0.954328674892032	5.14108499081285	0.000387398724104833	0.0405764293247581
PdomMRNA05824.1	-1.03741170546249	6.59274021618016	0.000400839531809577	0.0414722266813713
PdomMRNA04180.1	-1.07417719608221	4.45407528245019	0.000418888285152456	0.0424500840929203
PdomMRNA03120.1	0.620322915858574	6.83680155997184	0.000420297862306142	0.0424500840929203
PdomMRNA08270.1	-0.744486519919286	6.99672640519028	0.000427482759536677	0.0426678086106961
PdomMRNA05601.1	1.59655092064682	8.19886135069109	0.0004403992368801	0.0434458968103578
PdomMRNA06213.1	2.72714069682234	1.2188193245202	0.000470838937109656	0.0459149142809003
PdomMRNA01962.1	-0.729660998582445	7.19222920356833	0.000482669896248447	0.046533765906498
PdomMRNA00028.1	0.898429865537902	8.75862279221426	0.0005112621445702	0.0487364947700402
PdomMRNA06924.1	0.979332224333423	7.00139192972572	0.000527432528934174	0.0497193063941948
