"read_count(G)"	"read_count(NW)"	"read_count(S)"	"logFD:NW vs G"	"logFD:S vs G"	"logFD:S vs NW"	"FDR:NW vs G"	"FDR:S vs G"	"FDR:S vs NW"
"PdomMRNA00374.1"	888.2	225.2	6820.75	-1.5795857200117	3.63127632478887	5.21070015935002	3.81429135809735e-05	1.60007428048721e-26	1.93232150776477e-49
"PdomMRNA08894.1"	147.4	299.4	6311	1.58680735928315	5.89770986192498	4.310763758526	0.0481471805660589	2.31846175521042e-18	8.13760699709201e-11
"PdomMRNA05217.1"	158.4	49.2	3495.25	NA	5.40293114477437	NA	NA	1.95779256372503e-15	NA
"PdomMRNA03651.1"	18.4	36	1776.25	NA	7.58898453770427	NA	NA	9.80940836571737e-14	NA
"PdomMRNA08564.1"	78.8	33.2	1288.25	NA	5.01089493380037	NA	NA	7.04408939920033e-08	NA
"PdomMRNA07428.1"	1457.4	1898.8	3461.75	0.983602095998027	1.81403295302966	NA	0.0114041456016447	7.67595171716179e-08	NA
"PdomMRNA09202.1"	1728.4	1383.6	4855.25	NA	2.40252837923626	NA	NA	9.20383263727528e-08	NA
"PdomMRNA05769.1"	1148.6	1351	5775.75	NA	2.6451255160345	NA	NA	2.90079162593402e-07	NA
"PdomMRNA09020.1"	1403.6	23.8	11	-5.36633560254764	-6.75935050676503	NA	8.55305272881272e-06	4.70002564694791e-07	NA
"PdomMRNA02024.1"	237.6	23.4	2571.5	-2.37044632764466	4.12381452432969	6.49316602271013	0.0114998259168634	6.40183801413392e-07	1.73437843773951e-14
"PdomMRNA01003.1"	450428.2	97323.6	84107.75	-1.65917740792013	-1.99105916292333	NA	2.6475462160594e-05	7.35458254773846e-07	NA
"PdomMRNA09638.1"	1432.8	2107.2	4584.5	1.4626638314524	2.25411933460917	NA	0.0053891214414219	2.14209767317014e-06	NA
"PdomMRNA00032.1"	185	316.2	540.75	1.26078852177238	2.23298008736513	NA	0.021726171614347	3.43549127793795e-06	NA
"PdomMRNA10031.1"	4012.4	2218.4	10559.5	NA	2.43285853301216	NA	NA	4.87195897917616e-06	NA
"PdomMRNA01971.1"	280.4	339.4	602	0.996053042727961	1.8789152072471	NA	0.0459008679581368	8.93043723933013e-06	NA
"PdomMRNA06498.1"	7990.4	10256	13676	0.844044038493239	1.33952023459312	NA	0.0117465964664901	9.20531337741111e-06	NA
"PdomMRNA10705.1"	4867.8	1288.4	1331.5	-1.41937704241205	-1.5468731044314	NA	2.95094403774097e-05	1.31566468110501e-05	NA
"PdomMRNA10701.1"	3569.2	1867.8	6493.25	NA	1.66737109360034	NA	NA	1.68837068722088e-05	NA
"PdomMRNA02464.1"	346	17.4	10.25	-3.94040983641247	-4.7199579262837	NA	7.31722974150722e-05	1.73414141061848e-05	NA
"PdomMRNA01035.1"	747.8	1443	1305.5	1.47418016888492	1.46437398104167	NA	1.474852755918e-05	1.96633049465504e-05	NA
"PdomMRNA05094.1"	1178.2	871.8	2152.5	NA	1.38737020058397	NA	NA	2.28695069168545e-05	NA
"PdomMRNA03727.1"	4.8	14.4	83.5	NA	4.58516308035321	NA	NA	3.28478728834432e-05	NA
"PdomMRNA05092.1"	883.2	734.8	1356	NA	1.13730846091952	NA	NA	0.000104177889394166	NA
"PdomMRNA00574.1"	3874.6	2822	8658.5	NA	2.2128662811473	NA	NA	0.000122425124866398	NA
"PdomMRNA03330.1"	123.2	101.6	452.25	NA	3.02164012211487	NA	NA	0.000122425124866398	NA
"PdomMRNA02434.1"	739.2	732.6	1199.75	NA	1.31763951340676	NA	NA	0.00104549060208671	NA
"PdomMRNA07330.1"	140.2	195.6	363	NA	2.55107979321645	NA	NA	0.00118170464596966	NA
"PdomMRNA09906.1"	1217.6	1202.6	1777.75	0.818891526741306	1.17206678618124	NA	0.0311815024055877	0.00165280676011824	NA
"PdomMRNA07312.1"	104	247.6	225.25	1.82547664989125	1.95475979562713	NA	0.00205801103448431	0.00183135605243816	NA
"PdomMRNA03092.1"	1170.2	1513.6	1880.75	1.16951604845896	1.37661868966813	NA	0.00653912802842757	0.00191465446803623	NA
"PdomMRNA03148.1"	3172.8	900.6	1045.25	-1.34291431549343	-1.3371557046244	NA	0.000472427157074055	0.00219001795348044	NA
"PdomMRNA08136.1"	15.2	134.2	80.5	3.77164233798875	3.18300970823154	NA	7.72169505415483e-05	0.00219001795348044	NA
"PdomMRNA09279.1"	97.6	285.2	368.75	1.75378235077911	2.15364646647916	NA	0.0117465964664901	0.00263760373678996	NA
"PdomMRNA00965.1"	2887	693.4	988	-1.56312433201467	-0.93968844400667	NA	1.04724165692153e-10	0.00303618541195626	NA
"PdomMRNA02023.1"	1259.8	677.6	2758.25	NA	2.13176771138694	NA	NA	0.00314207331660925	NA
"PdomMRNA00238.1"	535.6	792.4	767	1.0068311215114	1.04704058910323	NA	0.00223273191997465	0.00337778717649029	NA
"PdomMRNA10180.1"	259.6	291.4	399.25	NA	1.37164990674538	NA	NA	0.00452542109940804	NA
"PdomMRNA08174.1"	5563	2385.2	2291.25	-0.659670391815656	-0.8104885691603	NA	0.0124421453855168	0.00470625945694905	NA
"PdomMRNA01375.1"	676.6	420	1307.5	NA	1.99199449160006	NA	NA	0.00514383247389871	NA
"PdomMRNA00174.1"	1279.6	176.6	301.25	-2.23155215894366	-1.57322070904902	NA	6.97222417940966e-07	0.00514383247389871	NA
"PdomMRNA09318.1"	1732	822.4	735.5	NA	-0.755605246293037	NA	NA	0.00619925578998545	NA
"PdomMRNA01127.1"	294.8	252.4	629.75	NA	2.12683486563843	NA	NA	0.00678766277850891	NA
"PdomMRNA09893.1"	548.2	501.2	653.75	NA	0.987977528763448	NA	NA	0.00785027414414132	NA
"PdomMRNA00644.1"	114	265.2	212	1.90124534271583	1.66346683010032	NA	0.000472427157074055	0.00785027414414132	NA
"PdomMRNA00200.1"	654.4	760.2	2138	NA	2.3362524687387	NA	NA	0.00884727274861969	NA
"PdomMRNA01911.1"	8863.4	4105.4	3896.75	-0.641284173565621	-0.799815303073157	NA	0.0218487612123549	0.0096831631304513	NA
"PdomMRNA00196.1"	299	459.6	571.5	1.31377995630636	1.45050362320948	NA	0.00978459391045992	0.0096831631304513	NA
"PdomMRNA00193.1"	1962	2506	2477.25	0.809791081061039	0.827320424297512	NA	0.00476610415718689	0.00987933456897642	NA
"PdomMRNA05334.1"	3523.6	1356.8	1437.75	-0.861766327183177	-0.866425258501318	NA	0.00300826859803464	0.0104265665834973	NA
"PdomMRNA06105.1"	52.8	23	6.25	NA	-2.46875682879402	NA	NA	0.0104265665834973	NA
"PdomMRNA01618.1"	7125.2	11311.6	15314.75	1.19549207381354	1.52759122678675	NA	0.0353997013776549	0.0104265665834973	NA
"PdomMRNA03733.1"	319.8	100.4	82	NA	-1.60621678206975	NA	NA	0.0105315208929079	NA
"PdomMRNA00002.1"	88.4	131.8	191.75	NA	1.77791723938223	NA	NA	0.0117515704229677	NA
"PdomMRNA03369.1"	5241.6	4581.6	5869.5	NA	0.748400917196509	NA	NA	0.0121625115692073	NA
"PdomMRNA01796.1"	2.4	52.4	24.5	4.76011642407967	4.29731718144633	NA	0.00228714936134415	0.016228835767994	NA
"PdomMRNA08325.1"	62071.2	30953.2	28605	-0.477807058541238	-0.623797326854649	NA	0.0444773295085283	0.0164514630238188	NA
"PdomMRNA05833.1"	1488.2	601	505	NA	-1.07304767978825	NA	NA	0.0167746101538518	NA
"PdomMRNA08038.1"	1468.8	1386.8	1599.5	NA	0.703150159310257	NA	NA	0.0186761659931456	NA
"PdomMRNA06348.1"	1053.6	796.2	1513.5	NA	1.57214231442931	NA	NA	0.0189552799037763	NA
"PdomMRNA02979.1"	4155.6	1625.4	1796.75	-0.882812883392134	-0.790853165130116	NA	0.00116166996826322	0.0189552799037763	NA
"PdomMRNA09382.1"	2982.6	3117.8	3119.25	0.670735379488191	0.66717030858466	NA	0.00645586103400187	0.0202082406476667	NA
"PdomMRNA05050.1"	2665	1015.2	1058.25	-0.956720631700733	-0.799534963544104	NA	0.00046172914210751	0.0212573602569852	NA
"PdomMRNA04292.1"	1121.4	515	478.75	-0.617698537270439	-0.7666055787545	NA	0.0373098256016108	0.0221900503298201	NA
"PdomMRNA09469.1"	1085.4	926	1409.25	NA	1.23640939042835	NA	NA	0.0221900503298201	NA
"PdomMRNA00958.1"	1997	3094.8	2232.75	1.25396707914427	0.838419007199258	NA	8.55305272881272e-06	0.022427091245514	NA
"PdomMRNA00797.1"	36.2	46.8	96.25	NA	2.02618634130234	NA	NA	0.0249666461314847	NA
"PdomMRNA05096.2"	79.2	46.6	15.75	NA	-2.05353250909353	NA	NA	0.0259608360062883	NA
"PdomMRNA10443.1"	99.8	53.6	5	NA	-3.44175710929774	NA	NA	0.027155154576458	NA
"PdomMRNA07709.1"	902.2	849.8	1024	NA	0.955825991039023	NA	NA	0.027155154576458	NA
"PdomMRNA03301.1"	4480.2	3207.6	5943.5	NA	0.947008218601538	NA	NA	0.0279969861321379	NA
"PdomMRNA04426.1"	2085.2	1834	2187.75	NA	0.653716583909291	NA	NA	0.0279969861321379	NA
"PdomMRNA07228.1"	150	21.6	7	NA	-3.70393222878459	NA	NA	0.0296161966017207	NA
"PdomMRNA02532.1"	544.4	175.6	165.5	-1.09348311155204	-1.07647972016286	NA	0.00653912802842757	0.0306514989629208	NA
"PdomMRNA07711.1"	645.4	340.8	232.25	NA	-0.947560519697899	NA	NA	0.030815983329336	NA
"PdomMRNA10612.1"	296.4	265.2	444	NA	1.42540671784427	NA	NA	0.0325893783810789	NA
"PdomMRNA03709.1"	646.8	173.2	250.25	-1.34376457213647	-0.976444433476946	NA	9.94267678728704e-05	0.0350916942973072	NA
"PdomMRNA01920.1"	135.4	29.8	24.25	NA	-2.25712131525861	NA	NA	0.0355718479310242	NA
"PdomMRNA05714.1"	718.2	1068.4	1078	1.59109572294319	1.36878805681228	NA	0.00252693092239718	0.0356129455473729	NA
"PdomMRNA08391.1"	13769	15793.8	18051	0.751795129309493	0.774797290167909	NA	0.0156786249191679	0.038146068354902	NA
"PdomMRNA09606.1"	49.4	108.8	112.25	1.66203110657287	1.83509181405308	NA	0.0310628512621286	0.0385467819539205	NA
"PdomMRNA06714.1"	1039.4	473.8	367.75	NA	-0.954327649486672	NA	NA	0.0407465493628484	NA
"PdomMRNA05824.1"	3422.8	675.2	1178	-1.85363196699608	-1.03741176640139	NA	1.16348468408635e-07	0.0414950301753194	NA
"PdomMRNA03120.1"	1836.4	1954.6	1965.75	0.590218236112041	0.620323025282329	NA	0.0202775926445174	0.0424434469994988	NA
"PdomMRNA04180.1"	653.2	246	236.75	NA	-1.07418097458965	NA	NA	0.0424434469994988	NA
"PdomMRNA08270.1"	3720.8	1450.2	1617.25	-0.740355850079438	-0.744486839630428	NA	0.0117465964664901	0.0427229824255294	NA
"PdomMRNA05601.1"	4587	1382.8	6882	NA	1.59655092735833	NA	NA	0.0434520418142685	NA
"PdomMRNA06213.1"	13	41.4	42.25	2.69461461223429	2.72707642961372	NA	0.0194779916289227	0.0453012397900677	NA
"PdomMRNA01962.1"	4083.2	1785.2	1815.25	-0.687973728892725	-0.729661159612906	NA	0.0202775926445174	0.0465688106945216	NA
"PdomMRNA00028.1"	8480.6	4310.6	9861.75	NA	0.898429906520763	NA	NA	0.0487810377842237	NA
"PdomMRNA06924.1"	2369	1292	2645.75	NA	0.979332224333423	NA	NA	0.0497193063941948	NA
"PdomMRNA09826.1"	4078.8	1228.2	1920	-1.34142019498771	NA	NA	2.95094403774097e-05	NA	NA
"PdomMRNA06702.1"	2789.8	557.2	1215.75	-1.77248115868714	NA	NA	5.53266920595743e-05	NA	NA
"PdomMRNA10264.1"	789.2	1125	809	1.29501706290917	NA	NA	0.000171153360732032	NA	NA
"PdomMRNA02318.1"	239133.6	79975.4	128835.8	-1.10237620885895	NA	NA	0.000230195451154028	NA	NA
"PdomMRNA00825.1"	338.2	14.8	52	-4.13468508551935	NA	NA	0.000260119846713024	NA	NA
"PdomMRNA01484.1"	15133	18218.6	15418.5	0.801076078688898	NA	NA	0.000285837431240137	NA	NA
"PdomMRNA01294.1"	3974.8	6964.4	2931.25	1.88562046829093	NA	-1.66443297002265	0.000332098952829054	NA	0.0121413299194978
"PdomMRNA00130.1"	5577.4	1722	2078.75	-1.29832006203637	NA	NA	0.000333133307783722	NA	NA
"PdomMRNA00278.1"	29.8	0.8	44	-4.59653206522134	NA	5.63133598079097	0.00046172914210751	NA	3.8208426141131e-06
"PdomMRNA07600.1"	25280.8	5326.2	9133.25	-1.82102544494562	NA	NA	0.000472427157074055	NA	NA
"PdomMRNA08428.1"	359.2	519.2	403.25	1.28895820206522	NA	NA	0.000472427157074055	NA	NA
"PdomMRNA10236.1"	870.8	108.8	389.75	-2.52285461775816	NA	NA	0.000513558382178629	NA	NA
"PdomMRNA08033.1"	1209.4	2859.8	2363.5	1.69260121051052	NA	NA	0.000683144970956829	NA	NA
"PdomMRNA05732.1"	74.8	9.4	28	-2.47503486629677	NA	NA	0.000770842411148397	NA	NA
"PdomMRNA07557.1"	1967	622.8	1188.25	-1.20212483721068	NA	NA	0.000792580148776634	NA	NA
"PdomMRNA00893.1"	51.6	120	72.25	1.97012914534874	NA	NA	0.000796451325799235	NA	NA
"PdomMRNA06208.1"	9023.8	3315.6	4902	-1.02715956970487	NA	NA	0.000878849648099336	NA	NA
"PdomMRNA04898.1"	88.8	229.2	192.25	1.92263474931348	NA	NA	0.000878849648099336	NA	NA
"PdomMRNA00074.1"	9299.4	2990.4	4250.75	-1.13115104126129	NA	NA	0.00107645032538598	NA	NA
"PdomMRNA05691.1"	870.8	1073.8	902.5	0.970801086481606	NA	NA	0.00107645032538598	NA	NA
"PdomMRNA04366.1"	653.8	1368.2	1045.5	1.43446460339465	NA	NA	0.00116166996826322	NA	NA
"PdomMRNA01461.1"	1647	522.4	1051.25	-1.19395421296835	NA	1.03141609146028	0.00140429651011757	NA	0.0342803778558024
"PdomMRNA06145.1"	4907.4	5318.4	4488.25	0.744025915594222	NA	NA	0.00141644540565891	NA	NA
"PdomMRNA06313.1"	7.4	75	46.75	3.60104488001083	NA	NA	0.00145633430727317	NA	NA
"PdomMRNA02940.1"	396.8	540	421.5	1.02763122944018	NA	NA	0.00146308980396167	NA	NA
"PdomMRNA04522.1"	21914.4	6829.2	11294	-1.25036635496785	NA	NA	0.00146308980396167	NA	NA
"PdomMRNA08940.1"	624.4	172.4	231.25	-1.39994806251594	NA	NA	0.00153787408996311	NA	NA
"PdomMRNA01249.1"	80	167.4	94.25	1.66225838160032	NA	NA	0.00167860926775538	NA	NA
"PdomMRNA00123.1"	676.6	956.4	822.25	1.05950980027119	NA	NA	0.00170859658152563	NA	NA
"PdomMRNA03552.1"	1481.6	360.6	602.25	-1.54253738191173	NA	NA	0.00173818366644695	NA	NA
"PdomMRNA04660.1"	5144.4	2116	2617.75	-0.774308776791124	NA	NA	0.00188985351351467	NA	NA
"PdomMRNA08591.1"	3035.6	935	1170.75	-1.26302419316731	NA	NA	0.00252693092239718	NA	NA
"PdomMRNA01060.1"	4495.2	10150	6588.5	2.01725360536454	NA	NA	0.00300826859803464	NA	NA
"PdomMRNA05588.1"	5315.8	5555.6	5013.5	0.792494173268103	NA	NA	0.00300826859803464	NA	NA
"PdomMRNA03980.1"	1231.8	453.8	666	-1.02015857117929	NA	NA	0.00340071804174886	NA	NA
"PdomMRNA09740.1"	3100.2	3335	3258.75	0.817167406896684	NA	NA	0.00350187078135739	NA	NA
"PdomMRNA11206.1"	1368.4	1449	1138.75	0.698249917792107	NA	NA	0.00370029813887343	NA	NA
"PdomMRNA05922.1"	73.4	423.8	239.75	3.05499698365758	NA	NA	0.00408362698255644	NA	NA
"PdomMRNA07757.1"	183	327.6	162.75	1.4170446831532	NA	NA	0.00445101410933957	NA	NA
"PdomMRNA03902.1"	5663.6	5771.2	5003.25	0.70409450291677	NA	NA	0.00445101410933957	NA	NA
"PdomMRNA00228.1"	12353	4275.2	6495.5	-1.09620278688716	NA	NA	0.00472666867593347	NA	NA
"PdomMRNA03731.1"	432.6	128.2	163.25	-1.34323642598847	NA	NA	0.00476610415718689	NA	NA
"PdomMRNA03714.1"	1200.4	333.8	473	-1.34506333128794	NA	NA	0.00477268147365034	NA	NA
"PdomMRNA00983.1"	4549.2	5178.6	4481.5	0.930594952393839	NA	NA	0.00534083016774397	NA	NA
"PdomMRNA05377.1"	1348	496.6	701.5	-1.03737975017065	NA	NA	0.00538350406101607	NA	NA
"PdomMRNA02893.1"	71.4	244	160.75	2.3030114282153	NA	NA	0.0053891214414219	NA	NA
"PdomMRNA04887.1"	821.2	898.6	678	0.780731411033477	NA	NA	0.0053891214414219	NA	NA
"PdomMRNA01709.1"	1173	1417.8	978.5	0.778997862562914	NA	NA	0.0053891214414219	NA	NA
"PdomMRNA06852.1"	1944	693.6	974.5	-0.881780835884331	NA	NA	0.0053891214414219	NA	NA
"PdomMRNA05122.1"	51	133.6	20.25	2.5056189666838	NA	-2.97254977626631	0.0053891214414219	NA	0.00628195715526519
"PdomMRNA10775.1"	282.2	385	355.5	1.21588153707103	NA	NA	0.0053891214414219	NA	NA
"PdomMRNA07016.1"	1043	1220	1045.75	1.04358797014272	NA	NA	0.00576722871547422	NA	NA
"PdomMRNA07753.1"	49.4	164.6	32	3.07322076903674	NA	-3.18980761526983	0.00616087421038024	NA	0.0312307378825383
"PdomMRNA04283.1"	4521.4	6457.4	5118.5	1.18048173755299	NA	NA	0.00625015279269748	NA	NA
"PdomMRNA00181.1"	170.6	7.4	140.75	-3.35036251003097	NA	3.74182789553012	0.00645586103400187	NA	0.00482517039805931
"PdomMRNA08147.1"	4864.6	2163.4	2470.25	-0.688508170353602	NA	NA	0.00653912802842757	NA	NA
"PdomMRNA07397.1"	187.4	248.4	199.75	1.06351559624563	NA	NA	0.00654968479680714	NA	NA
"PdomMRNA00674.1"	1203	1249.8	1108.75	0.681462816336783	NA	NA	0.00690833389687195	NA	NA
"PdomMRNA01077.1"	9086.4	3105.8	7006	-1.12039012157227	NA	NA	0.00739756603065563	NA	NA
"PdomMRNA10210.1"	1345.2	1462.2	1259.5	0.720522806928668	NA	NA	0.00739756603065563	NA	NA
"PdomMRNA02316.1"	3663.4	1531.4	1749.25	-0.690783489188434	NA	NA	0.00747837475197786	NA	NA
"PdomMRNA07254.1"	638.4	687.6	644	0.797665700900365	NA	NA	0.00757387929522472	NA	NA
"PdomMRNA01676.1"	912.2	315.4	373	-0.955660164348079	NA	NA	0.00757387929522472	NA	NA
"PdomMRNA07237.1"	50899.8	23520.2	30597.25	-0.635275370918529	NA	NA	0.00760672375690917	NA	NA
"PdomMRNA08936.1"	9908.4	4429.2	4938.25	-0.663170679860301	NA	NA	0.00760672375690917	NA	NA
"PdomMRNA02910.1"	3463.4	1586.4	2058.5	-0.569723564759029	NA	NA	0.00760672375690917	NA	NA
"PdomMRNA00950.1"	1924	2123.8	1898.5	0.852628742774783	NA	NA	0.00760672375690917	NA	NA
"PdomMRNA02274.1"	4162.4	1822.2	2253.25	-0.69767956039644	NA	NA	0.00760672375690917	NA	NA
"PdomMRNA05715.1"	1324.6	1435.2	1224.75	0.757433847845063	NA	NA	0.00794223697547408	NA	NA
"PdomMRNA03414.1"	142.6	324.2	146	2.0463829858037	NA	NA	0.00794382084021983	NA	NA
"PdomMRNA07556.1"	7328.4	3006	4441	-0.707428635129745	NA	NA	0.00864381432326839	NA	NA
"PdomMRNA04419.1"	4687.4	1934	2587.75	-0.729372871371693	NA	NA	0.0087259478591585	NA	NA
"PdomMRNA10151.1"	17074.4	7235.6	10584	-0.756840472115893	NA	NA	0.0087259478591585	NA	NA
"PdomMRNA07112.1"	1486.4	454.8	605	-1.20980864132537	NA	NA	0.00889111750881516	NA	NA
"PdomMRNA07849.1"	133.6	217.4	190	1.4616072797397	NA	NA	0.00889111750881516	NA	NA
"PdomMRNA08918.1"	12361.4	3553.6	4883.5	-1.17891416870045	NA	NA	0.00889111750881516	NA	NA
"PdomMRNA01697.1"	989.4	1007	851.5	0.745931294388576	NA	NA	0.00889111750881516	NA	NA
"PdomMRNA06491.1"	513.4	168.8	463.5	-1.19034659045973	NA	1.55607650759298	0.00909354685529857	NA	0.000727277262088739
"PdomMRNA05320.1"	164.2	33.2	120.25	-1.79587095933597	NA	NA	0.00909354685529857	NA	NA
"PdomMRNA05634.1"	106.2	9.4	42.25	-2.69102024175198	NA	NA	0.00912217736665469	NA	NA
"PdomMRNA05479.1"	2482.8	973.4	1168.5	-0.937960460595578	NA	NA	0.00938843925757472	NA	NA
"PdomMRNA06025.1"	301.8	400.6	257.5	1.09656272784022	NA	NA	0.00940125015801039	NA	NA
"PdomMRNA08468.1"	6701.6	2849.8	4269.5	-0.812698483419386	NA	NA	0.00952285628418656	NA	NA
"PdomMRNA00515.1"	1326.8	1346.4	1160.5	0.7744664204833	NA	NA	0.00954054780031908	NA	NA
"PdomMRNA02585.1"	39.4	137.8	57	3.12032368565027	NA	NA	0.00964597224717125	NA	NA
"PdomMRNA02119.1"	492.2	585.8	433.25	0.864767652467546	NA	NA	0.00964597224717125	NA	NA
"PdomMRNA04696.1"	98410	21767.2	60765.5	-1.5170252591942	NA	NA	0.00964597224717125	NA	NA
"PdomMRNA05119.1"	797.4	997.2	905.75	0.918493022780592	NA	NA	0.00964597224717125	NA	NA
"PdomMRNA10949.1"	1381	1471.6	1160	0.670256262944859	NA	NA	0.00978459391045992	NA	NA
"PdomMRNA00721.1"	865.4	879.4	703.25	0.766269748047147	NA	NA	0.00978459391045992	NA	NA
"PdomMRNA05126.1"	4663	5745.2	4524	0.986381286393722	NA	NA	0.00978459391045992	NA	NA
"PdomMRNA03377.1"	2094.2	2342.8	2096.75	0.762139643046117	NA	NA	0.00978459391045992	NA	NA
"PdomMRNA03683.1"	167.4	289.6	188.25	1.40531221362824	NA	NA	0.00986953276645696	NA	NA
"PdomMRNA06800.1"	958.4	353.2	492	-0.86430875381059	NA	NA	0.0101835856873159	NA	NA
"PdomMRNA01448.1"	140.4	28.6	57	-1.99591553403825	NA	NA	0.0102030186441667	NA	NA
"PdomMRNA04103.1"	1842	374.6	428.25	-1.72293727997171	NA	NA	0.0103660379327975	NA	NA
"PdomMRNA04147.1"	149366.4	29473.6	78346.5	-1.85035822623618	NA	NA	0.0110641959757518	NA	NA
"PdomMRNA09666.1"	5737.6	2663.8	2822.75	-0.676535614310532	NA	NA	0.0110641959757518	NA	NA
"PdomMRNA04961.1"	2282.8	1037.2	1255.5	-0.566392231203324	NA	NA	0.0115129306564758	NA	NA
"PdomMRNA03587.1"	5796.4	5949	5672.75	0.585649692028972	NA	NA	0.0117465964664901	NA	NA
"PdomMRNA10951.1"	561.8	700.2	562	1.11439466662102	NA	NA	0.0117465964664901	NA	NA
"PdomMRNA08773.1"	1972.6	2145.8	1931.25	0.93425466747096	NA	NA	0.0117465964664901	NA	NA
"PdomMRNA07925.1"	717.4	259	295	-0.917554307686651	NA	NA	0.011988469167765	NA	NA
"PdomMRNA03013.1"	73.2	10	33	-2.37047832612703	NA	NA	0.0123575024126623	NA	NA
"PdomMRNA07852.1"	6794.4	2681.8	3883.5	-0.849547826030856	NA	NA	0.013857519524338	NA	NA
"PdomMRNA04717.1"	838.6	1011.8	823.25	1.08112549001592	NA	NA	0.0140191274035562	NA	NA
"PdomMRNA01813.1"	1208	1290	1038	0.849094405320242	NA	NA	0.0145138065192691	NA	NA
"PdomMRNA02217.1"	13192.2	5365.8	7290.5	-0.68920764259861	NA	NA	0.0145138065192691	NA	NA
"PdomMRNA04090.1"	3185.4	3299.6	2738.75	0.749627546594236	NA	NA	0.0145601955524344	NA	NA
"PdomMRNA06108.1"	8621	1699.2	4505	-1.73684970218467	NA	NA	0.0145601955524344	NA	NA
"PdomMRNA00483.1"	5866.2	2686.4	3231	-0.634705359950157	NA	NA	0.0145601955524344	NA	NA
"PdomMRNA03458.1"	2559	2571.6	2016.25	0.767470370371462	NA	NA	0.0148858969362547	NA	NA
"PdomMRNA06181.1"	1852.6	817	1204.5	-0.719118891481626	NA	NA	0.0154694566516093	NA	NA
"PdomMRNA09432.1"	319.8	403.8	393	1.01366444680785	NA	NA	0.0154694566516093	NA	NA
"PdomMRNA00089.1"	2213	1062.8	1381.25	-0.575178044127427	NA	NA	0.0154694566516093	NA	NA
"PdomMRNA06827.1"	863.2	159	1062	-1.9743429068887	NA	2.73791270313591	0.0154694566516093	NA	0.000752582965184182
"PdomMRNA00097.1"	1456.4	662.6	818.75	-0.685564661264402	NA	NA	0.0157156401009463	NA	NA
"PdomMRNA06843.1"	20116	7674.8	11644	-0.70482294769016	NA	NA	0.0157344406121916	NA	NA
"PdomMRNA09630.1"	1191	1198.8	944	0.774776765904223	NA	NA	0.0157344406121916	NA	NA
"PdomMRNA08435.1"	1027	96.2	107	-3.05456685054008	NA	NA	0.0159329627403685	NA	NA
"PdomMRNA03140.1"	1213.8	441.6	585.5	-0.946960863862954	NA	NA	0.0159329627403685	NA	NA
"PdomMRNA04798.1"	2919.6	2856.8	2703.25	0.572507677087938	NA	NA	0.0159329627403685	NA	NA
"PdomMRNA02479.1"	905.2	1114.4	674.75	0.885597353239779	NA	NA	0.0163626354467669	NA	NA
"PdomMRNA05810.1"	1251.4	1233.6	1067.25	0.669074581254935	NA	NA	0.0169242971219929	NA	NA
"PdomMRNA04518.1"	492.6	626.4	494.25	1.28606984300489	NA	NA	0.0170328999762075	NA	NA
"PdomMRNA04386.1"	389.6	617.6	405.25	1.26031615267656	NA	NA	0.017264369743394	NA	NA
"PdomMRNA10641.1"	53124.2	54953	43386	0.717648012438465	NA	NA	0.017432831374371	NA	NA
"PdomMRNA01145.1"	176.8	546.2	239	2.33868797238483	NA	NA	0.0177649066237589	NA	NA
"PdomMRNA02576.1"	4658.2	2093	3034.75	-0.721725951798295	NA	NA	0.017966208080018	NA	NA
"PdomMRNA10804.1"	1388.8	1640.2	1355.25	0.815288076144149	NA	NA	0.0182082048237525	NA	NA
"PdomMRNA01416.1"	15800.4	7247.4	9429.25	-0.64678972389282	NA	NA	0.0182336783018646	NA	NA
"PdomMRNA00037.1"	8545.4	3696.8	4573	-0.61115243060542	NA	NA	0.0182778899548228	NA	NA
"PdomMRNA10645.1"	7564	3240.4	3866.25	-0.815970306557526	NA	NA	0.0182778899548228	NA	NA
"PdomMRNA04733.1"	408.2	112.2	160.5	-1.3321710917078	NA	NA	0.0182778899548228	NA	NA
"PdomMRNA05007.1"	6401.4	6535	6239.75	0.655633557168097	NA	NA	0.0182778899548228	NA	NA
"PdomMRNA05712.1"	4996.8	5077.8	4506	0.668200407428617	NA	NA	0.0194009215990743	NA	NA
"PdomMRNA06677.1"	2648.4	3861.4	4005.75	1.7557990801994	NA	NA	0.0194009215990743	NA	NA
"PdomMRNA03171.1"	652.4	912.4	330.5	1.43109835859941	NA	-2.1574562447853	0.0194779916289227	NA	0.000729579414316885
"PdomMRNA04647.1"	488.6	578.4	522.5	0.780222496658631	NA	NA	0.0202775926445174	NA	NA
"PdomMRNA00935.1"	1204.4	523.2	713	-0.821474430337212	NA	NA	0.0202775926445174	NA	NA
"PdomMRNA06597.1"	2851.2	2854.6	2562.5	0.66767261276201	NA	NA	0.0204236261797686	NA	NA
"PdomMRNA06403.1"	71809.6	34173.6	41060.5	-0.53912590836039	NA	NA	0.0204236261797686	NA	NA
"PdomMRNA00510.1"	26.4	333.4	84.5	3.79327039568959	NA	NA	0.0204236261797686	NA	NA
"PdomMRNA02145.1"	36.8	103.8	26.5	2.28162420049666	NA	NA	0.0204236261797686	NA	NA
"PdomMRNA10574.1"	793.4	1010.4	590.75	0.935642412986417	NA	NA	0.020444659614972	NA	NA
"PdomMRNA05876.1"	63	164	58.5	2.83151018088133	NA	NA	0.020444659614972	NA	NA
"PdomMRNA01203.1"	1010.4	409.4	448.25	-0.742877080697575	NA	NA	0.0204537333492743	NA	NA
"PdomMRNA00435.1"	1041.8	429.2	531.75	-0.792280098116474	NA	NA	0.0205118500546142	NA	NA
"PdomMRNA08929.1"	1193	1340.4	897	0.777935648367	NA	NA	0.0205294032414417	NA	NA
"PdomMRNA02076.1"	958.4	410.6	549	-0.752323087046856	NA	NA	0.0209909175911613	NA	NA
"PdomMRNA06097.1"	1255.6	1260.2	953.25	0.700160024751733	NA	NA	0.0210617246340898	NA	NA
"PdomMRNA05222.1"	43912.6	20594.6	23715.75	-0.597518909923835	NA	NA	0.02107682774553	NA	NA
"PdomMRNA01226.1"	2570.4	1181.6	1400.25	-0.727231852491041	NA	NA	0.0213379618528822	NA	NA
"PdomMRNA10150.1"	40.6	74.6	26	1.84829667744026	NA	NA	0.021726171614347	NA	NA
"PdomMRNA03981.1"	183.4	45.8	83.25	-1.58703706827387	NA	NA	0.0219801069769716	NA	NA
"PdomMRNA11103.1"	1707.6	2467.2	2092	1.74597993585567	NA	NA	0.0223719073688847	NA	NA
"PdomMRNA09673.1"	90	184.4	150.25	1.64145703688007	NA	NA	0.0224027225393878	NA	NA
"PdomMRNA04243.1"	18	39.2	27.75	2.11992993064466	NA	NA	0.0224027225393878	NA	NA
"PdomMRNA02543.1"	76	10	35.75	-2.57803726079864	NA	NA	0.0227986307440364	NA	NA
"PdomMRNA02521.1"	3458	3347.2	2709.75	0.538652509075688	NA	NA	0.0228178889245349	NA	NA
"PdomMRNA09376.1"	6769.2	6273.8	5530.25	0.554907926779177	NA	NA	0.0242246524512788	NA	NA
"PdomMRNA09983.1"	1269.2	285.8	688.25	-1.42416071472802	NA	NA	0.0248573000377457	NA	NA
"PdomMRNA08377.1"	1376.4	405.2	440.25	-1.44759399640271	NA	NA	0.0248573000377457	NA	NA
"PdomMRNA05667.1"	7287.8	3515	3524	-0.562713952007208	NA	NA	0.0271052642974745	NA	NA
"PdomMRNA08700.1"	4070.6	1873.8	2181.75	-0.669612207988267	NA	NA	0.0274321868680566	NA	NA
"PdomMRNA07909.1"	2217	2238	2042.25	0.594767726749173	NA	NA	0.0274321868680566	NA	NA
"PdomMRNA07518.1"	2805.6	1223.8	1529.25	-0.555863413120635	NA	NA	0.0274321868680566	NA	NA
"PdomMRNA04745.1"	940.8	377.2	503.5	-0.918402412244132	NA	NA	0.0284391059486934	NA	NA
"PdomMRNA03650.1"	2742	2667.8	2208	0.700992014750916	NA	NA	0.0284391059486934	NA	NA
"PdomMRNA04461.1"	878.4	950	618	0.846908159449827	NA	NA	0.0285125017270114	NA	NA
"PdomMRNA06373.1"	1075.2	1092	944.75	0.650609078873514	NA	NA	0.0285125017270114	NA	NA
"PdomMRNA09998.1"	1378.4	2009.8	1441	0.97208288730635	NA	NA	0.0285125017270114	NA	NA
"PdomMRNA04227.1"	72.6	5	31	-3.06317372355213	NA	NA	0.0285125017270114	NA	NA
"PdomMRNA04685.1"	1423.2	1399.4	1251.5	0.601643863972816	NA	NA	0.0285125017270114	NA	NA
"PdomMRNA06595.1"	1753	1640.2	1473.25	0.57789324899803	NA	NA	0.0288152989779534	NA	NA
"PdomMRNA09086.1"	1846.6	676.2	1041.5	-0.989175128347687	NA	NA	0.0288152989779534	NA	NA
"PdomMRNA08594.1"	83.2	20.6	35.5	-1.72267524231767	NA	NA	0.0289849004377806	NA	NA
"PdomMRNA07516.1"	145.6	5.6	55.5	-4.52102678305668	NA	NA	0.0289954832425811	NA	NA
"PdomMRNA09328.1"	104.8	150.6	135	1.15529773674271	NA	NA	0.0296924877376473	NA	NA
"PdomMRNA06993.1"	2440.2	2484.4	2358.75	0.694319054936174	NA	NA	0.0300157834684739	NA	NA
"PdomMRNA00505.1"	3113.8	489.8	972.25	-2.19717720580722	NA	NA	0.0300982515472847	NA	NA
"PdomMRNA10096.1"	705.2	719.4	696.5	0.723865417919639	NA	NA	0.0300983298639342	NA	NA
"PdomMRNA03883.1"	135.8	176	166.75	1.31790504477855	NA	NA	0.0303729578334586	NA	NA
"PdomMRNA06119.1"	1236.4	1249.8	1192.25	0.599641715114857	NA	NA	0.0306469531852284	NA	NA
"PdomMRNA08504.1"	3566.6	1631	1527.5	-0.665742239297514	NA	NA	0.030750809581097	NA	NA
"PdomMRNA02954.1"	1641	1546.8	1390.5	0.584127372674646	NA	NA	0.0310628512621286	NA	NA
"PdomMRNA05962.1"	2114.8	2272.2	2067.25	0.886746819857352	NA	NA	0.0311815024055877	NA	NA
"PdomMRNA02248.1"	2267.8	1101.6	1356.75	-0.546094179057882	NA	NA	0.0311815024055877	NA	NA
"PdomMRNA06504.1"	721.8	166	730.25	-1.41473477373601	NA	1.70233632721081	0.0311815024055877	NA	0.0254921348645178
"PdomMRNA08048.1"	1036	440.4	543	-0.722311564505976	NA	NA	0.0314220516721998	NA	NA
"PdomMRNA00046.1"	136.4	199	150.5	1.30727677607543	NA	NA	0.0320575330503313	NA	NA
"PdomMRNA06444.1"	7160	3198.2	4805.5	-0.71261183198299	NA	NA	0.0320575330503313	NA	NA
"PdomMRNA06390.1"	181.8	244.2	182.5	1.18594394190197	NA	NA	0.0320575330503313	NA	NA
"PdomMRNA04453.1"	1438.8	624.8	582.5	-0.763156996517765	NA	NA	0.0327852087289632	NA	NA
"PdomMRNA08547.1"	3077.8	3092.2	3099.75	0.719428370612641	NA	NA	0.0327852087289632	NA	NA
"PdomMRNA02414.1"	2435.6	1062.8	1277.75	-0.680682579966048	NA	NA	0.0331901325699589	NA	NA
"PdomMRNA06711.1"	180	243.6	183.75	1.21788225755557	NA	NA	0.0331901325699589	NA	NA
"PdomMRNA04850.1"	1596.4	1459.8	1380.5	0.625638482048263	NA	NA	0.0331901325699589	NA	NA
"PdomMRNA06819.1"	10547.6	10745.8	9258.5	0.539927166893754	NA	NA	0.0331901325699589	NA	NA
"PdomMRNA04415.1"	9602.2	4098.8	5620.75	-0.737542908045155	NA	NA	0.0334077633781795	NA	NA
"PdomMRNA07408.1"	320.4	375.2	255.5	0.820420035315199	NA	NA	0.0336508672914564	NA	NA
"PdomMRNA02925.1"	10405.8	4533.6	5364.75	-0.754959786833894	NA	NA	0.0337481306837908	NA	NA
"PdomMRNA00553.1"	7963.2	3444	4409.5	-0.804851890306479	NA	NA	0.0339518494606757	NA	NA
"PdomMRNA10130.1"	1664.2	710.4	869	-0.684153518038061	NA	NA	0.0347098635276041	NA	NA
"PdomMRNA01182.1"	3661	1730	2333	-0.670955378151438	NA	NA	0.0347886766497406	NA	NA
"PdomMRNA06935.1"	5753.4	5310.8	4656.5	0.586784419490968	NA	NA	0.0349347967622474	NA	NA
"PdomMRNA05863.1"	99.2	11.4	47	-2.9079692679343	NA	NA	0.0354167586651424	NA	NA
"PdomMRNA11052.1"	20.4	54	38	1.84665711516148	NA	NA	0.0354167586651424	NA	NA
"PdomMRNA05738.1"	1808.2	1753.4	1448.75	0.679990815449124	NA	NA	0.0373098256016108	NA	NA
"PdomMRNA02445.1"	2586.8	1188.8	1255.25	-0.639636282041531	NA	NA	0.0373391065646882	NA	NA
"PdomMRNA02919.1"	201.8	14.2	105.25	-3.52603344365456	NA	NA	0.0373391065646882	NA	NA
"PdomMRNA09696.1"	1770.2	1707.2	1590.75	0.534297068764597	NA	NA	0.0377165029157788	NA	NA
"PdomMRNA04224.1"	2762.6	651.6	1461.25	-1.67720901957565	NA	NA	0.0388726654774195	NA	NA
"PdomMRNA05224.1"	5987.2	2069.4	6838.75	-1.04520306178511	NA	1.95721650577347	0.0397596944296167	NA	7.58516177996722e-06
"PdomMRNA04061.1"	564.2	196.8	294.25	-1.22696255441558	NA	NA	0.0397596944296167	NA	NA
"PdomMRNA05787.1"	100.6	253.2	179.75	1.75899076871216	NA	NA	0.0398865923793091	NA	NA
"PdomMRNA01251.1"	1150.4	2711	638	1.88814987966601	NA	-2.4022581582866	0.0401875077775649	NA	0.0388713304070353
"PdomMRNA08235.1"	49987.6	22046.4	25572.5	-0.580539922015724	NA	NA	0.0401875077775649	NA	NA
"PdomMRNA06801.1"	1119.2	1146	962.5	0.706485322695604	NA	NA	0.0407322416769424	NA	NA
"PdomMRNA04987.1"	2712.6	2504.2	2376.25	0.598514857561118	NA	NA	0.0411956686704751	NA	NA
"PdomMRNA04205.1"	5342.8	4875.2	4418	0.472844695533909	NA	NA	0.0411956686704751	NA	NA
"PdomMRNA01649.1"	137262.4	43468.4	73253.5	-1.17909496023595	NA	NA	0.0417504684905012	NA	NA
"PdomMRNA03372.1"	1345.6	502.2	793.25	-0.793289711478434	NA	NA	0.0419660866191941	NA	NA
"PdomMRNA07056.1"	1370.2	1374	1326.5	0.615211831459036	NA	NA	0.0422125951117013	NA	NA
"PdomMRNA04496.1"	465.2	117.4	370.75	-1.40977807484065	NA	1.87798635156237	0.0422394372809917	NA	0.0114029549060826
"PdomMRNA07417.1"	868.6	857.4	715.5	0.590940593285964	NA	NA	0.0422394372809917	NA	NA
"PdomMRNA06153.1"	476	542	498	0.707585350059857	NA	NA	0.0422394372809917	NA	NA
"PdomMRNA05687.1"	4902.4	2495	3138.5	-0.475977966637683	NA	NA	0.0422394372809917	NA	NA
"PdomMRNA01095.1"	561.6	598.6	384.75	0.722133864801647	NA	NA	0.0422394372809917	NA	NA
"PdomMRNA07213.1"	2293	2703	2205.75	1.02274501850752	NA	NA	0.042402003294215	NA	NA
"PdomMRNA03200.1"	5320.8	2069.8	2112.75	-0.981494970519187	NA	NA	0.042402003294215	NA	NA
"PdomMRNA02931.1"	11964	11707.8	10240.75	0.520126586169586	NA	NA	0.0424136913061736	NA	NA
"PdomMRNA02178.1"	1334	618	629.25	-0.717275324557845	NA	NA	0.0424136913061736	NA	NA
"PdomMRNA08043.1"	8551.4	3675.2	4632.75	-0.780148589286105	NA	NA	0.0441619452227028	NA	NA
"PdomMRNA00389.1"	33.2	50	42.25	1.53325101327576	NA	NA	0.0442194314497348	NA	NA
"PdomMRNA05029.1"	1005.2	962.4	1020.25	0.758905752814531	NA	NA	0.0442778244522499	NA	NA
"PdomMRNA10085.1"	1221.2	521.2	624	-0.715441305751301	NA	NA	0.0443375583302552	NA	NA
"PdomMRNA03356.1"	1486	673.6	706.25	-0.686382586385746	NA	NA	0.0443375583302552	NA	NA
"PdomMRNA07982.1"	10455.6	9744.8	8919.75	0.51317959740028	NA	NA	0.0444773295085283	NA	NA
"PdomMRNA07653.1"	209.8	250.4	164.75	1.11469671735333	NA	NA	0.0451237294578977	NA	NA
"PdomMRNA06302.1"	1196.4	480.6	879	-0.848741021769839	NA	NA	0.0454784411888625	NA	NA
"PdomMRNA00260.1"	24.8	107.8	119.25	2.82957641712378	NA	NA	0.0456879440860776	NA	NA
"PdomMRNA10281.1"	212.2	62.6	85	-1.16342814211781	NA	NA	0.0456879440860776	NA	NA
"PdomMRNA07131.1"	824.6	898	777	0.715133128460689	NA	NA	0.0459008679581368	NA	NA
"PdomMRNA08506.1"	5967.2	2516.8	3086.75	-0.832662953323824	NA	NA	0.0459008679581368	NA	NA
"PdomMRNA06846.1"	727.2	298.6	394.25	-0.74555530745672	NA	NA	0.0462823777875435	NA	NA
"PdomMRNA02367.1"	266.4	321.2	248.75	0.933052021594713	NA	NA	0.0468658464995636	NA	NA
"PdomMRNA01425.1"	50	8.6	43.75	-2.3274115710596	NA	2.82348895500593	0.0477242570001813	NA	0.0409223693854989
"PdomMRNA04507.1"	21006	19452.6	19140	0.669249348557315	NA	NA	0.0477242570001813	NA	NA
"PdomMRNA06876.1"	8619.4	3827.4	5443.25	-0.598946761696705	NA	NA	0.0484230425721747	NA	NA
"PdomMRNA01362.1"	437.8	472.8	403	0.803337506875566	NA	NA	0.0484528485192836	NA	NA
"PdomMRNA09905.1"	6207	2586.8	2820.25	-0.661585180791914	NA	NA	0.0484708561891341	NA	NA
"PdomMRNA10399.1"	2367	2383	1990	0.626229379525822	NA	NA	0.0486182506992127	NA	NA
"PdomMRNA00357.1"	5575.8	5906.4	5356	0.954428632029786	NA	NA	0.0488452592887552	NA	NA
"PdomMRNA02294.1"	132.2	19	15	-2.258103166206	NA	NA	0.0491484144758932	NA	NA
"PdomMRNA05746.1"	1892	1812.8	1557.5	0.65533647869536	NA	NA	0.0492671904571385	NA	NA
"PdomMRNA01240.1"	305.8	440	246	1.12518948097205	NA	NA	0.0492837415172568	NA	NA
"PdomMRNA06627.1"	194.6	49.4	70.75	-1.57381843600553	NA	NA	0.0493285698485716	NA	NA
"PdomMRNA06776.1"	597	659.8	390.75	0.869350019097551	NA	NA	0.0496630532867745	NA	NA
"PdomMRNA05217.11"	158.4	49.2	3495.25	NA	NA	6.70561101059779	NA	NA	1.54018359770077e-21
"PdomMRNA08564.11"	78.8	33.2	1288.25	NA	NA	5.95173276941988	NA	NA	1.06128369034783e-10
"PdomMRNA03651.11"	18.4	36	1776.25	NA	NA	6.34034754140892	NA	NA	1.66468783954637e-10
"PdomMRNA10701.11"	3569.2	1867.8	6493.25	NA	NA	2.10309062661848	NA	NA	7.31686123682353e-09
"PdomMRNA10031.11"	4012.4	2218.4	10559.5	NA	NA	2.61422641440245	NA	NA	7.68156252357114e-07
"PdomMRNA03614.1"	3204.8	698.6	8769.5	NA	NA	3.52154071640962	NA	NA	3.84392374394712e-06
"PdomMRNA05601.11"	4587	1382.8	6882	NA	NA	2.70990052329196	NA	NA	5.51997951600933e-06
"PdomMRNA09202.11"	1728.4	1383.6	4855.25	NA	NA	2.08904922129709	NA	NA	7.58516177996722e-06
"PdomMRNA09869.1"	1444.8	631	1659	NA	NA	1.35784062360628	NA	NA	0.000293737584470745
"PdomMRNA03404.1"	1977.8	1059.6	2467	NA	NA	1.27041488613082	NA	NA	0.000402365147113715
"PdomMRNA05769.11"	1148.6	1351	5775.75	NA	NA	2.03176523483013	NA	NA	0.000421993721905036
"PdomMRNA02023.11"	1259.8	677.6	2758.25	NA	NA	2.41251744260919	NA	NA	0.000498696249376462
"PdomMRNA05094.11"	1178.2	871.8	2152.5	NA	NA	1.2114602731043	NA	NA	0.000856870397509203
"PdomMRNA10284.1"	71	17.6	179.75	NA	NA	3.45766097232891	NA	NA	0.00112347834254077
"PdomMRNA00028.11"	8480.6	4310.6	9861.75	NA	NA	1.21053679589426	NA	NA	0.00113959943901067
"PdomMRNA06888.1"	8952	4572	8127.5	NA	NA	0.782072361745438	NA	NA	0.00257915853858601
"PdomMRNA06924.11"	2369	1292	2645.75	NA	NA	1.25749135990964	NA	NA	0.00318496014048864
"PdomMRNA00574.11"	3874.6	2822	8658.5	NA	NA	1.87771890335429	NA	NA	0.00435927302422979
"PdomMRNA01375.11"	676.6	420	1307.5	NA	NA	2.0083644330558	NA	NA	0.00632183412977009
"PdomMRNA03330.11"	123.2	101.6	452.25	NA	NA	2.48417863530652	NA	NA	0.00632183412977009
"PdomMRNA03492.1"	12200.4	6678.2	13612.25	NA	NA	1.03777422114902	NA	NA	0.00646826939701006
"PdomMRNA05092.11"	883.2	734.8	1356	NA	NA	0.93350505586819	NA	NA	0.00661564310249622
"PdomMRNA04779.1"	8306	3898	9220	NA	NA	1.19034238946026	NA	NA	0.0107854110339844
"PdomMRNA07707.1"	1329.2	657	1419.75	NA	NA	1.04047002710275	NA	NA	0.0141295013306314
"PdomMRNA05332.1"	11612.2	3445	10752.5	NA	NA	1.7685028747755	NA	NA	0.0144845470566454
"PdomMRNA07271.1"	365.8	358.2	197	NA	NA	-1.1262958470668	NA	NA	0.0198997513027887
"PdomMRNA09132.1"	338.2	158	343	NA	NA	1.19549467971563	NA	NA	0.0221508484594115
"PdomMRNA03338.1"	1111.4	405.2	1124.25	NA	NA	1.27978960701433	NA	NA	0.0238130558745658
"PdomMRNA01898.1"	9919.6	4114.6	8342.75	NA	NA	1.23097776798251	NA	NA	0.0266929870537758
"PdomMRNA04381.1"	62199.2	23232.2	58819.75	NA	NA	1.36907247177118	NA	NA	0.0302747879969346
"PdomMRNA09345.1"	955.2	555.4	1147	NA	NA	1.46239065420306	NA	NA	0.0342803778558024
"PdomMRNA05605.1"	70.6	38.6	112.25	NA	NA	1.76706249648836	NA	NA	0.0365198240700232
"PdomMRNA10170.1"	107.6	37.2	193.5	NA	NA	2.76626623025985	NA	NA	0.0388713304070353
"PdomMRNA07551.1"	354.6	206.8	548.75	NA	NA	1.5036102952757	NA	NA	0.0457407739331167
